name gnina_score gnina_score_min smina_score_min min_rmsd 
P6018 3.745 4.191 38.734 0.932
P24064 3.268 4.453 25.877 3.214
P42759 4.181 3.820 -2.648 3.969
P60973 4.668 4.539 -2.967 0.443
P60976 5.279 4.675 -4.311 1.177
P60977 4.925 4.747 -3.923 1.553
P60978 4.786 4.895 -3.919 0.879
P60979 5.232 4.733 -4.205 0.827
P60980 5.103 5.225 -4.032 2.827
P60981 5.201 4.851 -4.587 1.859
P60983 5.374 4.999 -3.801 1.797
P60984 5.102 4.891 -5.834 1.399
P60987 5.715 5.147 -3.707 1.890
P60988 5.328 4.600 -4.207 1.887
P60990 5.388 4.907 -4.924 2.356
P60992 4.824 4.727 -5.124 0.930
P60995 4.856 4.828 -2.973 0.099
P60997 5.433 5.062 -3.478 1.374
P60998 5.185 5.068 -4.601 1.804
P60999 5.274 5.106 -3.922 1.653
P61000 5.051 4.724 -6.335 2.202
P61002 6.212 5.098 -3.733 1.048
P61003 5.265 5.042 -5.479 0.675
P61007 5.075 4.939 -3.856 0.852
P61010 5.238 5.029 -5.979 1.429
P61012 4.945 5.066 -3.782 2.804
P61014 5.649 5.105 -4.254 1.958
P61016 5.930 5.545 -3.465 1.421
P61018 4.854 4.836 -2.579 1.275
P61019 5.499 5.382 -4.657 1.509
P61020 5.421 4.858 -5.061 2.380
P61021 6.006 5.314 -4.403 1.946
P61022 6.019 5.296 -4.083 1.601
P61023 5.850 5.540 -4.109 1.963
P61026 5.152 5.105 -5.297 0.782
P61029 5.541 5.063 -4.570 1.574
P61030 5.653 5.121 -4.664 2.256
P61031 5.032 5.120 -4.426 2.679
P61032 5.332 4.950 -5.204 2.097
P61033 5.661 5.025 -4.692 2.077
P61036 5.673 4.891 -5.070 2.152
P61037 4.893 5.104 -3.755 2.657
P61038 6.074 5.643 -4.374 2.071
P61039 5.972 5.440 -4.360 1.794
P61040 5.633 5.158 -4.273 0.836
P61041 5.807 5.603 -4.314 1.576
P61044 5.326 5.006 -6.071 1.647
P61045 5.387 5.287 -5.705 0.957
P61046 5.734 5.540 -4.242 1.443
P61049 5.797 5.431 -3.881 1.295
P61053 5.558 5.354 -5.639 0.906
P61057 5.659 5.308 -6.407 0.834
P61059 5.554 5.391 -5.748 1.685
P61063 5.768 5.125 -5.003 0.895
P61064 6.061 5.505 -4.788 1.592
P61067 5.698 5.238 -3.927 0.969
P61068 5.635 4.946 -4.493 1.699
P61069 5.563 5.294 -4.782 1.349
P61070 5.215 5.080 -5.452 1.703
P61073 5.533 5.144 -4.679 1.047
P61076 5.929 5.174 -5.199 0.972
P61077 6.323 5.747 -4.084 1.408
P61079 5.350 5.332 -5.743 0.832
P61080 5.638 5.247 -5.339 0.838
P61081 5.453 5.022 -5.604 2.256
P61082 5.263 5.226 -5.751 0.871
P61084 5.723 5.564 -6.657 0.420
P61085 6.006 5.454 -4.061 1.956
P61086 5.661 5.579 -3.714 1.339
P61087 5.533 5.298 -5.409 1.240
P61090 5.625 5.249 -4.335 1.723
P61091 5.875 5.371 -4.677 0.832
P61093 5.416 5.283 -6.280 0.948
P61094 5.614 5.426 -4.380 1.767
P61096 5.258 5.151 -3.430 1.210
P61099 5.393 5.091 -4.532 1.898
P61100 5.537 5.217 -4.110 1.502
P61101 6.010 5.610 -4.890 1.518
P61103 5.928 5.490 -4.216 2.122
P61105 6.205 5.496 -4.968 1.670
P61106 6.093 5.378 -4.695 1.681
P61107 5.750 5.551 -5.118 1.173
P61108 6.214 5.708 -5.172 0.751
P61110 5.662 5.511 -5.252 1.057
P61111 6.069 5.608 -5.271 0.868
P61112 5.950 5.390 -5.242 3.272
P61113 6.034 5.815 -4.471 0.877
P61114 6.129 5.627 -4.750 0.713
P61115 5.953 5.270 -5.050 1.977
P61118 5.131 5.428 -3.240 3.306
P61121 5.739 4.877 -4.867 3.122
P61122 6.002 5.620 -4.941 2.107
P61124 5.653 5.531 -5.059 1.078
P61126 5.925 5.509 -4.054 0.793
P61127 5.863 5.522 -4.181 1.549
P61129 6.201 5.696 -4.990 0.649
P61130 5.928 5.675 -4.417 1.470
P61131 5.873 5.573 -4.371 1.519
P61133 6.119 5.697 -4.897 1.344
P61134 6.172 5.890 -3.923 1.555
P61136 6.240 5.955 -4.357 0.912
P61138 5.809 5.607 -4.859 1.829
P61140 6.147 5.672 -4.409 1.481
P61141 5.828 5.787 -6.459 1.143
P61145 6.119 5.580 -4.937 2.100
P61146 5.648 5.565 -7.413 0.807
P61147 5.637 5.344 -4.519 0.958
P61149 6.333 5.638 -4.959 0.909
P61150 5.939 5.310 -3.859 1.446
P61151 6.286 6.040 -4.482 1.364
P61152 6.051 5.241 -4.525 3.169
P61153 6.731 5.432 -5.065 2.121
P61154 6.070 5.728 -5.090 0.603
P61158 5.950 5.785 -5.550 1.009
P61159 6.272 5.603 -4.631 2.384
P61161 5.668 5.607 -4.382 1.597
P61166 5.996 5.658 -5.220 0.759
P61167 6.477 5.873 -4.481 0.984
P61170 6.174 5.774 -4.128 0.668
P61171 6.062 5.891 -5.889 2.649
P61172 5.913 5.801 -4.274 2.668
P61173 5.587 5.387 -5.559 1.675
P61174 5.841 5.821 -4.853 0.615
P61175 6.361 5.757 -5.401 1.573
P61177 6.030 5.537 -4.821 1.006
P61178 5.774 5.758 -5.112 0.952
P61179 5.712 5.592 -6.829 0.423
P61187 6.067 6.323 -6.476 1.657
P61190 5.629 5.593 -5.416 0.892
P61192 6.576 5.914 -4.515 0.910
P61195 6.334 5.926 -3.386 1.046
P61196 6.641 5.876 -5.446 2.376
P61197 6.005 5.634 -4.879 0.706
P61200 5.999 5.741 -7.071 0.842
MJABAWDJCLZGBU-UHFFFAOYSA-N-P44-P44-P59-607683 5.083 4.924 -4.171 1.831
OAJGZEMGPOHWQM-UHFFFAOYSA-N-P44-P44-P59-607683 5.340 4.764 -5.178 2.917
IZTRXEBPDPILLR-UHFFFAOYSA-N-P44-P44-P59-607683 5.272 5.032 -4.086 1.670
YOOVKSKBEDJQEK-UHFFFAOYSA-N-P59-P44-P59-607683 4.998 5.071 -4.208 1.802
ILWDJYHLWUAZFF-UHFFFAOYSA-N-P44-P44-P59-607683 4.856 4.847 -5.985 0.606
ODUHVFZTTFXACA-UHFFFAOYSA-N-P44-P44-P59-607683 5.380 4.962 -3.784 1.508
NBSYWYDTENSXBT-UHFFFAOYSA-N-P44-P44-P59-607683 5.630 4.990 -3.961 0.886
BSVNQXWQRHYPAD-UHFFFAOYSA-N-P44-P44-P59-607683 3.844 4.462 -5.027 2.538
HLSNBHSQIQYOHG-UHFFFAOYSA-N-P44-P44-P59-607683 5.281 4.985 -4.256 1.589
YOAXZQQTVRCEBP-UHFFFAOYSA-N-P59-P44-P59-607683 5.193 5.067 -6.324 0.600
CYFRPBSTOBXQKE-UHFFFAOYSA-N-P59-P44-P59-607683 3.840 4.351 -5.055 2.856
BMCKSBZOTFNPIL-UHFFFAOYSA-N-P59-P44-P59-607683 5.773 5.681 -4.576 3.964
VJOIGCRBZFCYGX-UHFFFAOYSA-N-P44-P44-P59-607683 5.853 5.193 -4.749 1.642
MPDKOWNZOWYPRW-UHFFFAOYSA-N-P59-P44-P59-607683 5.586 5.346 -4.201 0.638
MCZKVONZQJYAQI-UHFFFAOYSA-N-P44-P44-P59-607683 6.076 5.172 -3.939 1.900
JVIRNHZTEXQXHA-UHFFFAOYSA-N-P59-P44-P59-607683 5.294 5.226 -4.999 3.049
XVQHHKXSKMBPQT-UHFFFAOYSA-N-P59-P44-P59-607683 5.461 5.300 -3.817 0.493
MXIUPJWCQVJUMZ-UHFFFAOYSA-N-P59-P44-P59-607683 5.565 5.183 -4.192 2.035
RQXYZFKEMWKANU-UHFFFAOYSA-N-P59-P44-P59-607683 5.457 5.260 -4.380 0.748
IJRARSPIMMZICH-UHFFFAOYSA-N-P59-P44-P59-607683 5.300 5.258 -5.135 2.570
FGPMSDVKCLTFMG-UHFFFAOYSA-N-P44-P44-P59-607683 6.001 5.604 -3.466 1.312
UFUAWFLWFNLNKA-UHFFFAOYSA-N-P44-P44-P59-607683 5.233 5.019 -4.276 0.586
NARCRKIYQQAMKD-UHFFFAOYSA-N-P59-P44-P59-607683 6.100 5.538 -3.473 1.636
BELMHCHYUUADOG-UHFFFAOYSA-N-P59-P44-P59-607683 5.797 5.063 -4.141 1.520
FSZHASORYOLAAD-UHFFFAOYSA-N-P44-P44-P59-607683 6.135 5.682 -3.248 1.358
HYNJWYPVYMBONR-UHFFFAOYSA-N-P44-P44-P59-607683 5.879 5.656 -3.779 1.201
PPUOUOKBNGDDAK-UHFFFAOYSA-N-P59-P44-P59-607684 5.279 5.466 -6.716 1.017
HVSAMFCUPOHBPN-UHFFFAOYSA-N-P44-P44-P59-607684 5.366 5.681 -6.284 1.126
IZXMEWITMVTTLQ-UHFFFAOYSA-N-P44-P44-P59-607684 5.066 5.009 -6.030 0.582
PMSVXZXTFDGQCL-UHFFFAOYSA-N-P59-P44-P59-607684 5.217 5.361 -6.273 2.024
LCBUFWZYDUDRBM-UHFFFAOYSA-N-P59-P44-P59-607684 5.030 5.066 -4.274 0.809
JURPZKXQWWKHEN-UHFFFAOYSA-N-P59-P44-P59-607684 5.720 5.497 -3.466 1.756
OWMVBZPRKKRCKV-UHFFFAOYSA-N-P59-P44-P59-607684 5.719 5.498 -3.332 1.724
IPSSGMPHUGLZRR-UHFFFAOYSA-N-P59-P44-P59-607684 5.910 5.559 -4.607 1.613
WCUGQGOIUITPQJ-UHFFFAOYSA-N-P44-P44-P59-607684 5.763 5.390 -4.196 1.676
AHRCTJPXQAQSSK-UHFFFAOYSA-N-P44-P44-P59-607684 5.692 5.222 -4.582 2.445
PWZBRLGHNKCXCG-UHFFFAOYSA-N-P44-P44-P59-607684 5.848 5.427 -4.048 1.519
GKLQKGRNTKLWEN-UHFFFAOYSA-N-P59-P44-P59-607684 5.955 5.523 -4.984 1.473
LEQQRFALQGQALY-UHFFFAOYSA-N-P44-P44-P59-607684 5.920 5.537 -3.898 1.269
XPNOYDQRTXCIBF-UHFFFAOYSA-N-P59-P44-P59-607685 5.968 5.630 -4.234 0.976
WXVZQYVEEYOQIN-UHFFFAOYSA-N-P44-P44-P59-607685 5.948 5.821 -4.164 0.657
UAJXBDVKUKYINS-UHFFFAOYSA-N-P44-P44-P59-607685 5.907 5.579 -4.318 0.785
SPRWNJDPWAOTAB-UHFFFAOYSA-N-P59-P44-P59-607685 6.250 5.805 -4.148 1.316
PMUFRTBVZKQWRD-UHFFFAOYSA-N-P59-P44-P59-607685 5.400 5.286 -4.769 2.140
QCIOAOZQBNATKH-UHFFFAOYSA-N-P59-P44-P59-607685 6.080 5.803 -3.876 0.569
WJGPCXWYOQJUNG-UHFFFAOYSA-N-P44-P44-P59-607685 5.965 5.722 -4.938 1.485
SJCOJKUKBDNLFE-UHFFFAOYSA-N-P59-P44-P59-607685 6.142 5.579 -4.225 2.378
HWNFEAHHRIEVFS-UHFFFAOYSA-N-P59-P44-P59-607685 5.653 5.559 -7.008 0.761
WEZDUCRJKPYBPH-UHFFFAOYSA-N-P44-P44-P59-607685 5.709 5.591 -4.860 2.130
BHDHSJFYVXRDFL-UHFFFAOYSA-N-P59-P44-P59-607686 5.951 5.445 -4.488 0.768
XGJCBQMEPXJPMU-UHFFFAOYSA-N-P59-P44-P59-607686 5.474 5.558 -4.378 1.903
XVEMTTWBNNGQHG-UHFFFAOYSA-N-P59-P44-P59-607686 6.291 5.798 -4.605 2.180
UXXTYKDCNBECCI-UHFFFAOYSA-N-P44-P44-P59-607686 6.082 5.592 -4.489 0.853
JTLUQZRSCIUIKC-UHFFFAOYSA-N-P59-P44-P59-607686 5.877 5.376 -4.499 1.889
JPDGLVJTUZPGMP-UHFFFAOYSA-N-P59-P44-P59-607686 5.790 5.796 -5.346 2.175
ZAAFOZXJZQPHSP-UHFFFAOYSA-N-P59-P44-P59-607686 5.644 5.356 -4.535 0.537
JPBBBGJIDZJWPX-UHFFFAOYSA-N-P44-P44-P59-607686 5.802 5.503 -4.168 1.209
UFPNIQNQVBOBTB-UHFFFAOYSA-N-P44-P44-P59-607686 6.075 5.645 -4.045 2.954
COIUMPODBZVOIN-UHFFFAOYSA-N-P59-P44-P59-607686 5.556 5.473 -5.280 1.072
OEISOFIFTBYXTD-UHFFFAOYSA-N-P59-P44-P59-607687 6.162 5.679 -4.302 0.871
PUNCCCBRYBZGOX-UHFFFAOYSA-N-P59-P44-P59-607687 5.815 5.720 -5.483 2.214
SDJTVWGMOAUJCQ-UHFFFAOYSA-N-P59-P44-P59-607687 6.001 6.034 -5.954 0.681
MMZODOPHRZOKLG-UHFFFAOYSA-N-P59-P44-P59-607687 6.054 6.001 -3.990 1.718
JOQMNMVBHJQTFE-UHFFFAOYSA-N-P59-P44-P59-607687 5.997 5.864 -4.568 0.603
ADGABDSXZQAEPW-UHFFFAOYSA-N-P59-P44-P59-607687 5.789 5.422 -5.985 0.979
JLHFXXZRSGILAA-UHFFFAOYSA-N-P44-P44-P59-607687 6.199 5.813 -5.406 3.303
NQJDAXRVOLNACA-UHFFFAOYSA-N-P44-P44-P59-607687 6.447 5.879 -4.066 1.238
GWNJRVRCIMBOSP-UHFFFAOYSA-N-P44-P44-P59-607687 5.687 5.249 -4.832 0.505
LAFUPXGBKQDZKE-UHFFFAOYSA-N-P59-P44-P59-607687 6.184 5.609 -4.483 1.561
PCRQLAVEYUICMZ-UHFFFAOYSA-N-P44-P44-P59-607687 6.158 6.329 -3.991 1.502
MLJVIXLBEQTJSE-UHFFFAOYSA-N-P44-P44-P59-607687 5.901 5.998 -4.592 1.012
GUNOPEOTLXQJNJ-UHFFFAOYSA-N-P44-P44-P59-607687 5.772 5.604 -5.140 0.853
CXAUTQVHZLMUAC-UHFFFAOYSA-N-P59-P44-P59-607687 6.287 5.493 -3.149 1.659
KDROIGAYWFMKBH-UHFFFAOYSA-N-P44-P44-P59-607687 6.166 5.788 -3.987 1.481
UYWBAFLPCIMFPK-UHFFFAOYSA-N-P59-P44-P59-607687 6.324 5.670 -4.340 1.467
OZKQQTPEQIEYHG-UHFFFAOYSA-N-P44-P44-P59-607688 6.261 5.742 -4.727 1.476
ZQWLMNMUIVILSM-UHFFFAOYSA-N-P44-P44-P59-607688 5.908 5.632 -5.025 1.018
PPOUVDAWLMCFED-UHFFFAOYSA-N-P59-P44-P59-607688 6.371 5.916 -5.320 0.460
SHSUIGYIFNKFMV-UHFFFAOYSA-N-P59-P44-P59-607688 6.291 5.745 -4.806 1.011
UAQAMUMYRAPRFU-UHFFFAOYSA-N-P59-P44-P59-607688 5.485 5.471 -5.112 1.189
CNYZEMKPXABBAJ-UHFFFAOYSA-N-P59-P44-P59-607688 6.067 6.005 -4.195 1.411
ZLZDJYFLLJIGSW-UHFFFAOYSA-N-P44-P44-P59-607688 6.567 5.965 -4.460 2.087
RXJAPEMQJJZPKV-UHFFFAOYSA-N-P59-P44-P59-607688 6.143 5.741 -4.339 2.302
LIXZRZWXPINAKN-UHFFFAOYSA-N-P44-P44-P59-607688 6.443 5.751 -4.714 1.654
SMQZTPZZVYKYKV-UHFFFAOYSA-N-P98-P98-P111-607688 5.324 4.292 -4.534 2.464
